0 1
2 2 -> 20
2 1 -> 19
2 0 -> 18
1 2 -> 11
1 1 -> 10
1 0 -> 9
0 2 -> 2
0 1 -> 1
0 0 -> 0
1 0
2 2 -> 23
2 1 -> 22
2 0 -> 21
1 2 -> 14
1 1 -> 13
1 0 -> 12
0 2 -> 5
0 1 -> 4
0 0 -> 3
2 0
2 2 -> 26
2 1 -> 25
2 0 -> 24
1 2 -> 17
1 1 -> 16
1 0 -> 15
0 2 -> 8
0 1 -> 7
0 0 -> 6
3 0
4 0
5 0
6 0
7 0
8 0
9 0
2 2 -> 47
2 1 -> 46
2 0 -> 45
1 2 -> 38
1 1 -> 37
1 0 -> 36
0 2 -> 29
0 1 -> 28
0 0 -> 27
10 1
2 2 -> 50
2 1 -> 49
2 0 -> 48
1 2 -> 41
1 1 -> 40
1 0 -> 39
0 2 -> 32
0 1 -> 31
0 0 -> 30
11 0
2 2 -> 53
2 1 -> 52
2 0 -> 51
1 2 -> 44
1 1 -> 43
1 0 -> 42
0 2 -> 35
0 1 -> 34
0 0 -> 33
12 0
13 0
14 0
15 0
16 0
17 0
18 0
0 2 -> 56
0 1 -> 55
0 0 -> 54
19 0
0 2 -> 59
0 1 -> 58
0 0 -> 57
20 1
0 2 -> 62
0 1 -> 61
0 0 -> 60
21 0
2 2 -> 11
2 1 -> 10
2 0 -> 9
1 2 -> 2
1 1 -> 1
1 0 -> 0
22 0
2 2 -> 14
2 1 -> 13
2 0 -> 12
1 2 -> 5
1 1 -> 4
1 0 -> 3
23 0
2 2 -> 17
2 1 -> 16
2 0 -> 15
1 2 -> 8
1 1 -> 7
1 0 -> 6
24 0
25 0
26 0
27 0
28 0
29 0
30 1
2 2 -> 20
2 1 -> 19
2 0 -> 18
1 2 -> 11
1 1 -> 10
1 0 -> 9
0 2 -> 2
0 1 -> 1
0 0 -> 0
31 0
2 2 -> 23
2 1 -> 22
2 0 -> 21
1 2 -> 14
1 1 -> 13
1 0 -> 12
0 2 -> 5
0 1 -> 4
0 0 -> 3
32 0
2 2 -> 26
2 1 -> 25
2 0 -> 24
1 2 -> 17
1 1 -> 16
1 0 -> 15
0 2 -> 8
0 1 -> 7
0 0 -> 6
33 0
34 0
35 0
36 0
37 0
38 0
39 0
2 2 -> 47
2 1 -> 46
2 0 -> 45
1 2 -> 38
1 1 -> 37
1 0 -> 36
0 2 -> 29
0 1 -> 28
0 0 -> 27
40 1
2 2 -> 50
2 1 -> 49
2 0 -> 48
1 2 -> 41
1 1 -> 40
1 0 -> 39
0 2 -> 32
0 1 -> 31
0 0 -> 30
41 0
2 2 -> 53
2 1 -> 52
2 0 -> 51
1 2 -> 44
1 1 -> 43
1 0 -> 42
0 2 -> 35
0 1 -> 34
0 0 -> 33
42 0
43 0
44 0
45 0
46 0
47 0
48 0
0 2 -> 56
0 1 -> 55
0 0 -> 54
49 0
0 2 -> 59
0 1 -> 58
0 0 -> 57
50 1
0 2 -> 62
0 1 -> 61
0 0 -> 60
51 0
2 2 -> 11
2 1 -> 10
2 0 -> 9
1 2 -> 2
1 1 -> 1
1 0 -> 0
52 0
2 2 -> 14
2 1 -> 13
2 0 -> 12
1 2 -> 5
1 1 -> 4
1 0 -> 3
53 0
2 2 -> 17
2 1 -> 16
2 0 -> 15
1 2 -> 8
1 1 -> 7
1 0 -> 6
54 0
55 0
56 0
57 0
58 0
59 0
60 1
2 2 -> 20
2 1 -> 19
2 0 -> 18
1 2 -> 11
1 1 -> 10
1 0 -> 9
0 2 -> 2
0 1 -> 1
0 0 -> 0
61 0
2 2 -> 23
2 1 -> 22
2 0 -> 21
1 2 -> 14
1 1 -> 13
1 0 -> 12
0 2 -> 5
0 1 -> 4
0 0 -> 3
62 0
2 2 -> 26
2 1 -> 25
2 0 -> 24
1 2 -> 17
1 1 -> 16
1 0 -> 15
0 2 -> 8
0 1 -> 7
0 0 -> 6
63 0
64 0
65 0
66 0
67 0
68 0
69 0
2 2 -> 47
2 1 -> 46
2 0 -> 45
1 2 -> 38
1 1 -> 37
1 0 -> 36
0 2 -> 29
0 1 -> 28
0 0 -> 27
70 1
2 2 -> 50
2 1 -> 49
2 0 -> 48
1 2 -> 41
1 1 -> 40
1 0 -> 39
0 2 -> 32
0 1 -> 31
0 0 -> 30
71 0
2 2 -> 53
2 1 -> 52
2 0 -> 51
1 2 -> 44
1 1 -> 43
1 0 -> 42
0 2 -> 35
0 1 -> 34
0 0 -> 33
72 0
73 0
74 0
75 0
76 0
77 0
78 0
2 2 -> 74
2 1 -> 73
2 0 -> 72
1 2 -> 65
1 1 -> 64
1 0 -> 63
0 2 -> 56
0 1 -> 55
0 0 -> 54
79 0
2 2 -> 77
2 1 -> 76
2 0 -> 75
1 2 -> 68
1 1 -> 67
1 0 -> 66
0 2 -> 59
0 1 -> 58
0 0 -> 57
80 1
2 2 -> 80
2 1 -> 79
2 0 -> 78
1 2 -> 71
1 1 -> 70
1 0 -> 69
0 2 -> 62
0 1 -> 61
0 0 -> 60
